2010976154
2010876140
1911176106
2010776128
2011176131
2010776109
2010876110
2010776115
2011076117
2010876149
2011176108
2010676158
2010976141
2010876149
2010876127
2010676104
2010576130
2012576126
2010976106
2011076132
2010276136
2010976119
2012376105
2011076129
2011176125
1910576122
2010876114
2010676102
1912376113
2012176156
2012176145
2010376107
1910576112
2011176142
2010576143
1910876143
2010876138
2010476147
2012076155
2011076121
2012176116
2012176111
2010776113
2010776113
2012476112
1912276139
2010776123